0 0.391546 0.207721 0.090142 0.096112
0 0.346476 0.293386 0.114183 0.071043
0 0.636437 0.286078 0.096157 0.094026
0 0.864052 0.323681 0.172774 0.131634
0 0.898606 0.473081 0.154749 0.112835
0 0.782919 0.733219 0.148740 0.140000
0 0.359993 0.802175 0.282449 0.215217
0 0.169940 0.831427 0.139724 0.131634
0 0.245810 0.396816 0.105166 0.073140
0 0.474176 0.081309 0.102166 0.068957
0 0.740856 0.281895 0.052583 0.064774
0 0.723577 0.349803 0.069108 0.058504
0 0.628174 0.160709 0.154749 0.119094
0 0.443379 0.497111 0.752703 0.791900
